UPDATE controlofertasubastas SET estatus = 3 
WHERE evento = 96 AND Imagen <> ''
AND idControlOfertas IN (30775,30364,30430,30459,30546,30640,30657,31061,30360,30365,30472,30567,30821,30826,30865,30340,30483,30630,30808,31063,31097,30333,30397,30416,30465,30678,30706,30712,30715,30870,30436,30438,30508,31018,31127,30839,31017,31136,30314,30600,30969,30982,31067,31092,30334,30384,30404,30412,30592,30656,30680,30850,30326,30883,30884,31022,31070,30335,30768,30402,30725,30823,31052,31072,31111,30653,30834,30801,30885,31023,31091,30433,30634,30922,30963,30358,30420,30553,30991,30339,30373,30411,30415,30444,30488,31029,30574,30700,30456,30956,30497,30535,30833,30854,30431,30499,30578,30785,30856,30954,30955,30674,30704,30771,30816,31020,31133,31134,30609,30852,31077,31125,30329,30476,30505,30778,30907,31013,31015,30720,30777,30517,30644,30708,31071,30601,30936,30520,30838,30913,30977,30321,30410,30454,30543,30632,30880,31060,30594,30726,30835,31086,30596,30598,31014,31112,31131,30591,30846,30325,30344,30540,30571,30774,30791,30847,30892,30973,30418,30857,30970,30979,30328,30362,30463,30518,30789,30828,30859,30589,31011,31126,30427,30825,30831,30860,30951,30962,31088,30391,30814,31031,31124,30371,30317,30338,30550,30693,30752,30770,30818,30843,30395,30621,30536,30599,30610,30837,31107,30482,30683,30790,30817,31036,30915,30932,30965,30905,30930,30633,30652,30745,30848,30500,30710,30914,30861,31122,30638,30649,30690,30820,30841,30953,30370,30585,30765,30802,30551,30746,30353,30529,30356,30449,30937,30548,30754,31005,31117,31119,30641,30468,30925,30933,31008,31089,31090,31128,31129,31132,30461,30547,30576,30909,30315,31007,30531,30614,30636,30651,30671,30705,30588,30593,30758,31123,30376,30407,30659,30812,30797,30952,30975,30549,30624,31001,31039,31064,31065,31113,30509,30510,30807,30813,30998,31121,30590,30906,30398,30491,30544,30620,30877,30968,30367,30966,30343,30934,31038,30349,30566,30749,30924,30947,30603,30948,30699,30686,30696,30855,30355,30494,30987,30385,30469,30935,30985,31087,30606,30895,30916,31046,30829,30417,30507,30528,30572,30584,30607,30608,30760,31138,30874,30981,30853,31069,30409,30741,30450,30595,30377,30782,31010,30348,30354,30393,30446,30676,30723,30761,30780,30972,31012,30473,30943,30990,30722,30742,30940,30658,30844,30939,30337,31054,31062,30793,31050,31056,30506,30845,30622,31058,30612,30958,30959,30804,30938,30773,30485,30983,31114,31118,30480,30604,30350,30351,30950,30945,30996,31076,30462,30318,30717,30910,30489,30479,30379,30627,30800,30904,31035,30538,30949,31085,31075,31102,31066,31098,30655,30995,31096,30561,30345,30824,30448,30842,30993,30434,30858,30648,30832,30453,30623,30679,30867,30755,30530,30575,31082) 

0177 - 068   MARTHA ALICIA RADILLO SANTANA MAZDA VALLARTA Mazda2 SDN I Sport TA
0178 - 018 CESAR ALONSO LUNA MAZDA VALLARTA Mazda2 SDN I Grand Tourin
0180 - 032 EMMANUEL AMADOR ESCORCIA MAZDA PACHUCA Mazda CX-50 Signature AWD
0181 - 081 YANELI CASTRO TORRES


2025-04-28 00:00:00

gortizg

include "../../../include/clases/MySQL.php";
include "../../../include/clases/MySQLS3.php";
$DB = new MySQL();
$DBS3 = new MySQLS3();

$_SESSION['IdUsuarios']

CREATE TABLE ganadores_evento( Id INT PRIMARY KEY AUTO_INCREMENT, evento INT NOT NULL, grupo VARCHAR(25) NOT NULL, integ VARCHAR(25) NOT NULL, cliente VARCHAR(50) NOT NULL, distribuidor VARCHAR(25) NOT NULL, auto VARCHAR(50) NOT NULL, correo_enviado INT NOT NULL COMMENT '1 = Enviado, 2 = Rechazado' );


CREATE TABLE approve_events_auctions (
  id INT PRIMARY KEY AUTO_INCREMENT,
  id_user INT NOT NULL COMMENT 'ID del usuario que aprueba/rechaza',
  status_events INT NOT NULL COMMENT '1 = Aprobado, 2 = Rechazado (evento)',
  status_auctions INT NOT NULL COMMENT '1 = Aprobado, 2 = Rechazado (subasta)',
  number_event INT NOT NULL,
  date_creation DATETIME,
  KEY (number_event)
);
t

CREATE TABLE temporary_auction_clients(
idControlOfertas INT PRIMARY KEY,
idControlFoliosContrato VARCHAR(20) NOT NULL,
grupo VARCHAR(20) NOT NULL,
integ VARCHAR(20) NOT NULL,
evento INT NOT NULL,
estatus INT NOT NULL,
KEY (idControlFoliosContrato)
);



30775 - REVISAR 

